2 8
2 13
2 15
2 16
2 19
2 34
2 35
2 38
42 14
42 22
1 12
1 36
3 18
3 20
3 28
3 31
3 40
4 12
4 13
4 21
4 26
6 14
6 22
6 30
6 39
22 14
41 16
15 7
15 30
15 34
15 35
15 40
13 8
13 9
13 12
13 21
13 26
13 28
13 38
14 39
36 12
36 29
16 12
16 32
16 35
16 38
18 10
18 20
18 31
20 28
20 31
19 38
21 12
23 30
23 40
24 12
27 11
27 37
27 31
28 8
28 31
28 34
28 40
30 40
34 40
34 8
35 7
40 31
11 37
11 31
12 38
7 5
10 31
17 25
17 42
17 22
17 33
25 7
25 5
25 33
25 42
33 15
33 30
33 6
33 22
33 5
33 7