V - 42
E - 87
Sigma - 1
Delta - 9
Rad - 5
Diam - 8
Center - {Austria, Belarus, Croatia, CzechRepublic, Germany, Hungray, Poland, Russia, Slovakia, Slovenia, Switzerland, Ukraine} {2, 3, 7, 8, 13, 15, 28, 31, 34, 35, 38, 40}
Girth - 3
k - 1
lambda - 1
Maximum clique - (5, 7, 25, 33)
Maximum stable set - (0, 1, 3, 5, 6, 8, 9, 10, 11, 15, 19, 21, 23, 24, 26, 29, 32, 41)
Maximum matching - {(1, 12), (4, 13), (15, 30), (29, 36), (5, 7), (16, 41), (20, 28), (10, 31), (17, 25), (19, 38), (3, 18), (0, 14), (23, 40), (11, 27), (6, 22), (2, 8)}
Shortest closed path throught all edges - [(0, 25), (25, 33), (33, 22), (22, 17), (17, 33), (33, 30), (30, 40), (40, 34), (34, 28), (28, 40), (40, 30), (30, 23), (23, 40), (40, 31), (31, 28), (28, 13), (13, 38), (38, 16), (16, 32), (32, 16), (16, 41), (41, 16), (16, 12), (12, 24), (24, 12), (12, 21), (21, 13), (13, 26), (26, 4), (4, 21), (21, 12), (12, 13), (13, 9), (9, 13), (13, 4), (4, 12), (12, 36), (36, 29), (29, 36), (36, 1), (1, 12), (12, 38), (38, 2), (2, 16), (16, 35), (35, 15), (15, 40), (40, 3), (3, 28), (28, 20), (20, 31), (31, 27), (27, 37), (37, 11), (11, 27), (27, 11), (11, 31), (31, 18), (18, 20), (20, 3), (3, 31), (31, 10), (10, 18), (18, 3), (3, 28), (28, 8), (8, 34), (34, 15), (15, 33), (33, 7), (7, 25), (25, 5), (5, 33), (33, 6), (6, 39), (39, 14), (14, 22), (22, 6), (6, 30), (30, 15), (15, 7), (7, 35), (35, 2), (2, 34), (34, 2), (2, 38), (38, 19), (19, 2), (2, 13), (13, 8), (8, 2), (2, 15), (15, 7), (7, 5), (5, 25), (25, 17), (17, 0), (0, 22), (22, 6), (6, 14), (14, 0)]
2-vertex-connected components - [{36, 29}, {1, 12, 36}, {16, 41}, {16, 32}, {24, 12}, {9, 13}, {11, 27, 37, 31}, {0, 2, 3, 4, 5, 6, 7, 8, 10, 12, 13, 14, 15, 16, 17, 18, 19, 20, 21, 22, 23, 25, 26, 28, 30, 31, 33, 34, 35, 38, 39, 40}, {44, 45}]
2-edge-connected components - [{0, 1, 2, 3, 4, 5, 6, 7, 8, 10, 11, 12, 13, 14, 15, 16, 17, 18, 19, 20, 21, 22, 23, 25, 26, 27, 28, 30, 31, 33, 34, 35, 36, 37, 38, 39, 40}, {9}, {24}, {29}, {32}, {41}, {42}, {43}, {44}, {45}, {46}]
Centroid - [2]
Prufer code - [22, 36, 20, 21, 12, 13, 6, 6, 22, 17, 13, 36, 12, 31, 40, 3, 37, 11, 25, 0, 17, 33, 15, 16, 16, 35, 7, 15, 34, 2, 12, 38, 19, 2, 8, 13, 28, 20, 3, 31]
